1613
7667
9326
5071
4974
355
825
5350
2310
2377
1289
1485
4990
3293
3098
4287
8650
9272
2660
2173
9768
772
8681
5925
24
7961
4596
3022
2773
8431
5123
8448
679
695
2971
5783
2646
6884
3664
7348
128
9938
8351
1628
9571
5543
2798
6476
6802
2642
4408
5966
6190
8019
1634
9894
5368
3837
1215
2597
2072
6882
2201
7238
2014
5331
7006
2220
9871
227
8740
934
6501
2332
5367
1646
1567
7433
2517
2524
5211
706
7475
9736
651
5582
224
3968
8592
8642
1224
1908
4663
9592
3841
6184
5325
7550
245
5916
5479
9564
2718
6742
455
1741
2401
5764
8547
1296
7039
1844
7816
4026
7226
9942
7132
2604
7385
7541
2532
1016
8885
2718
9781
5773
7044
5262
3850
2340
4253
3866
8809
2969
139
2782
8064
6076
3676
9638
2460
8243
5549
6639
4956
5807
5728
2452
1265
9534
7758
1321
5829
2224
7618
3551
770
9807
8461
4338
8995
332
7778
5576
5958
4435
5016
45
9022
3572
2947
5187
4636
3728
1576
1098
8362
2442
7316
963
1195
7263
2092
3549
7246
4847
8424
3173
4492
1417
1722
2597
1809
7835
2378
7275
8995
4930
4138
9121
9911
1733
3970
7296
6962
2900
5655
118
2522
2222
9425
6548
2105
6066
5030
8850
522
4626
1219
1002
7681
1328
2084
4836
5716
9693
9254
9173
4345
3538
4802
7089
7227
8265
1383
2331
8986
7215
186
443
1337
6428
984
9120
1155
7179
3441
1193
9255
5354
7892
9945
6283
1648
7479
7291
7367
8305
3648
7955
6806
3778
9194
3735
2344
4461
5592
6970
5688
381
9720
7512
7189
2750
9928
9278
9448
777
4130
50
4339
5314
8290
6894
4285
8566
1206
1826
3624
6672
466
795
7078
5694
2885
375
6012
8289
3967
377
4190
2005
2564
6602
5387
3583
9543
2971
2535
2488
7890
141
4612
9184
5077
9279
2465
1903
550
6879
6068
7776
349
2824
9853
9138
993
6542
8793
604
7259
1928
5088
9848
7969
3932
1583
5692
1214
201
9551
9892
9498
3855
6637
6232
4306
5419
7792
9462
7369
3607
5013
6359
8463
8666
9929
1448
8232
5150
8954
9197
1877
1425
4253
5577
8136
1876
1199
9624
9835
1297
4882
8281
5943
8770
1537
2436
4010
7436
3476
1762
3918
2315
6799
9349
5183
7763
2920
4577
3623
5879
6909
5400
4890
9684
8097
471
1149
7857
1360
5105
4721
8592
1659
727
6905
5428
6408
3744
224
8117
6999
5077
9834
8245
4904
9902
5453
872
3553
4626
4173
8837
2809
7952
3649
2215
5274
7424
8365
5893
514
9567
3492
9416
9941
4312
4193
3354
4009
7205
6363
9749
7792
9083
8468
7329
3809
8604
8144
1431
2098
1234
7427
7414
867
1625
7160
6432
7985
1977
8528
3550
6766
1713
5825
1628
6317
1919
4277
6142
7836
8606
2570
4131
9313
4243
5430
4536
6854
3725
3695
8961
1543
5443
3368
6337
7134
6223
2051
7227
7952
7371
8773
2610
1355
6669
8312
6111
9874
8509
3316
8214
8429
2481
8423
2639
7560
9563
7607
3911
7347
9068
4427
9287
3994
1189
4276
842
4661
900
6000
5696
1021
2673
9599
3821
482
8243
7313
5858
248
195
421
7931
7742
9969
1928
6290
215
7364
6847
8048
1476
8166
6794
1922
6188
3197
6102
2471
444
7703
6036
196
7288
5104
1843
4408
7917
8958
3173
5782
7748
9418
6458
3091
5253
4420
2216
2782
3904
1269
4813
3396
9516
2522
8449
6314
3840
8600
9516
2602
3985
8121
8361
7707
6954
838
1734
7908
1150
1503
8412
5871
3626
1048
794
5804
4110
7227
5604
1838
470
6291
5907
8120
5115
9343
2126
945
3779
8331
5888
1384
7918
9193
8649
8390
652
6422
6541
9534
4106
6176
9226
8787
6306
7306
3509
7199
4900
1744
3058
4640
6800
6118
9514
684
3796
9257
5074
7807
5828
6303
2914
7103
8210
3970
1932
5683
7665
7819
1212
6259
8352
9436
6612
9139
5330
3725
3380
4082
985
9017
8915
7137
2263
3327
7230
7474
5415
9685
2205
2441
537
9485
9190
2356
1744
4149
8517
7719
7048
8317
3319
6478
1284
906
5798
3733
672
2107
1304
5297
4142
2241
4840
7282
1268
7960
3832
8521
6184
1927
3106
7947
7692
7029
5903
8746
8059
2212
8759
1819
9971
2556
9037
5542
372
5638
7255
5748
4966
9292
7741
4141
6798
8409
607
2886
3791
8432
1548
1072
5524
1978
4011
2151
9867
5817
3448
2542
930
6760
1645
6847
2247
7372
3217
4427
6237
129
9194
4006
7794
3415
5176
1797
5050
3039
8469
4783
4573
367
3266
8558
787
1512
3908
321
488
6427
4257
6816
9994
2098
7641
4112
2270
9045
4242
8139
9920
4251
9678
4181
5927
4433
274
3846
7286
6358
6266
5287
8516
5279
235
4669
496
2962
1456
9028
8569
2762
3676
9748
8789
8592
8624
2207
9818
9824
8540
7686
1479
7979
2247
430
5166
171
9854
7655
7728
5646
9245
3108
7102
603
1670
1499
8173
20
6695
1621
8409
1000
9866
1321
9212
8283
3003
4336
3958
3201
4694
7992
5256
3222
2085
6018
9965
3100
4025
2060
3075
4883
160
9544
5885
429