93986
70641
55971
52896
36764
95302
49446
76969
27695
57882
60848
72411
73536
44572
90112
52464
1763
389
51649
47696
14318
55885
8914
48738
50943
18786
69567
70655
84203
43587
53703
88325
79245
40575
67863
24745
12858
19188
43770
45969
89143
88098
84991
45969
44553
74860
62883
74368
35367
84264
4519
70937
87743
68415
74940
82452
80550
36167
67142
31388
55015
49644
5554
88674
64038
21916
61458
65783
8493
31094
76281
44370
23742
39658
10416
32285
56400
77681
1311
38009
23277
13197
25162
45422
50828
45853
33742
93713
38734
55927
786
25612
8004
34706
48771
19245
37376
62679
75859
88150
39846
70261
96574
85155
57843
60977
73153
42489
92425
13441
42266
28537
91654
33781
22385
27134
62867
44606
90194
97090
6926
60418
89225
13595
33753
95774
654
23151
45296
19801
77333
12141
6172
73111
33122
76161
31851
36126
57293
42701
70179
90511
57737
5664
36970
49054
71961
52410
56828
74399
29521
18391
74677
61944
48591
17074
26010
6200
77772
43392
56204
30847
61038
19609
71729
95545
44111
42710
37865
32134
73645
98272
65624
78910
17011
77561
69705
95324
78924
69575
61482
10630
55134
91905
84310
73683
94625
69568
64129
54338
89577
77160
63424
53751
94622
26364
44531
82718
31523
54564
96550
43025
35609
89262
4794
39863
78318
97719
50135
58406
15523
44661
96166
59118
26215
42966
55494
47334
44701
47196
41088
16017
32858
16102
33402
22758
29878
7799
51515
30142
93246
55817
99525
59196
15286
51294
43513
83577
24750
49813
87885
62641
39823
26169
62799
70384
98307
56938
38543
56037
95758
38800
85503
64455
18054
66250
4844
57392
39132
6335
39760
8152
56304
33834
79168
29710
32224
17229
29016
39567
77641
72306
25391
89755
11666
74271
57043
57360
81583
50876
32962
15368
5947
6017
65463
6780
15236
39117
72301
49443
24815
66929
64512
88973
75185
43263
92744
3504
25655
65164
19511
68751
75634
50712
19237
99335
33863
36230
24057
78964
38284
36849
76458
19989
91574
26437
26580
4445
63154
67361
41390
60529
27691
29705
76325
21628
9406
94038
11156
11555
3807
56805
17376
64594
43982
39152
6578
32345
56601
22837
32446
77543
74153
76933
41241
18066
66499
20405
5618
81752
31497
92227
72922
43858
15149
4025
46844
39095
8421
34499
82618
26356
56176
491
29361
38783
80883
29491
36062
72413
97368
37966
80670
49978
73913
52106
38830
73460
72402
9151
77393
13197
97032
40223
24509
34154
87276
857
73424
66898
87695
91414
43709
25488
54022
80546
87250
90704
70159
75067
42434
74686
8631
89824
22577
24278
13493
53648
15555
72408
7401
66979
68891
26290
24782
78099
62185
35092
55803
55473
93231
88214
19375
39576
84154
93876
66203
43068
896
53901
61149
87955
51201
18543
17187
95696
53786
53255
13307
41088
89474
841
85152
13686
99931
59846
89558
17846
41583
78374
28083
84062
373
37789
16595
60388
12270
57305
34917
29342
64938
468
922
2094
83680
24848
25414
18809
23470
13543
44257
99839
89936
50739
10193
93328
10515
90152
52030
23777
46392
34430
87524
75697
63511
20052
74085
43116
37833
43084
20114
82675
51370
30811
54268
64566
96965
79800
2842
39437
9760
87418
11733
91176
37776
46688
76934
31375
95040
11240
96730
15029
93907
48338
66750
55554
97411
33274
9606
63433
54807
20212
19487
14331
69163
81692
29539
55383
39835
20985
97082
19617
26807
36870
4638
21722
89686
42410
22972
4163
59532
26721
77149
68687
47927
69633
48371
6013
20539
92977
20829
8406
22652
14126
34405
64103
82578
45056
79991
10598
36569
52795
56369
61332
81124
22069
79895
51321
71514
36287
45519
29705
54554
67947
50263
9813
73505
34084
78148
4360
6539
40066
70150
81924
92776
30280
62980
36868
64699
60329
49426
94234
78419
83406
27231
75356
9805
10994
64315
6540
72764
75568
87887
42563
7275
73228
29517
79453
15919
46036
67879
99308
89731
5305
59667
62043
13858
6257
18131
89881
40392
61817
27561
73983
75462
9926
73220
27154
58800
52913
32982
63151
86626
79624
70056
70295
8499
34081
99472
27153
7543
76074
4828
83048
91467
37746
76928
24528
86267
64368
4792
85398
71468
3360
27783
31999
42027
35666
54542
14218
34785
14698
42938
59448
87330
39716
69571
31192
86557
69218
67179
45950
93554
48408
47322
16746
42563
94404
22888
95066
28092
44612
11464
71621
19026
20825
75880
28306
49728
81599
49893
78851
84801
49942
51277
25124
84506
12299
65426
24136
63548
67454
5653
22841
1107
72252
45366
11220
80291
14791
27139
5068
71933
83382
15143
21922
96236
3573
1068
21659
80479
57890
94580
94709
46428
7833
82454
13849
88609
23596
24751
21954
52551
62892
21538
57019
70633
14320
92078
17017
5587
56909
42124
18914
37778
60423
5123
47631
29890
10798
15916
90365
70473
43453
52246
56409
39450
54462
93621
58858
96282
11659
57685
50356
91284
946
17385
32399
51787
41346
18254
97113
48030
8308
33372
88360
27672
12025
4304
34482
87529
63593
29929
70145
34029
58662
56685
15056
92756
99860
16109
13999
85412
9676
45077
51068
78504
3493
10173
78425
76226
55298
31241
70462
96294
9165
99586
96429
11815
65074
5480
61887
34875
46452
26714
79601
36676
75329
93928
59863
86555
81416
83002
26379
81952
2802
29613
33128
65183
20681
85922
80832
45487
11788
99662
64514
74449
62972
14350
24429
25592
58990
54774
38337
60611
52431
1921
20600
67207
48480
24845
25638
67966
76865
39392
2016
89567
13644
71831
28653
7552
27245
48219
88954
54011
88313
71200
6847
61933
29249
48432
86816
88612
30957
78706
25400
82382
77005
47031
39648
14796
76466
16090
27017
85417
24174
87833
68530
2273
96551
90219
91834
53268
17066
29669
31999
20133
66294
88410
95873
22305
41299
3707
47576
60942
3506
96593
86805
74660
1096
51687
63597
12541
97042
11180
52611
47156
2762
59458
33553
97255
17216
33246
34912
50667
90239
19749
37073
57911
92349
6959
49017
17004
25182
79130
65801
74655
63920
76656
64319
16802
74408
718
77054
28696
68658
28700
4158
13242
54283
35145
85349
61774
48825
70113
6400
21757
14797
94496
9498
40619
91749
9740
80505
39080
61709
31724
16762
40395
94098
3010
68820
14202
99733
48137
66284
18290
85284
63192
14895
55865
96484
52539
85083
69289
40859
94393
25232
84308
71797
6196
55365
67709
66190
78266
37700
66072
59073
72965
62226
69822
9872
14802
16967
50452
7670
69242
94919
40253
73254
40603
56617
65793
18185
57615
66739
65163
401
79225
75923
370
44488
82116
74541
89501
47441
76855
87491
81000
12265
51133
22727
65974
27466
68370
5833
95735
53266
46198
69210
76685
13215
91264
86102
18040
60507
92255
53961
64577
16240
14137
19456
51774
75068
38729
76881
40478
87057
15571
4166
38128
68014
41754
11439
43904
43935
76554
53023
2891
35053
37062
94013
80547
4353
46136
47951
98334
54441
77699
17918
86847
94379
15458
36779
21065
65538
78573
67347
68753
1966
71490
34823
41869
27429
96008
89807
63944
36035
49054
45859
67851
91733
1398
88265
76542
50351
99783
19452
59469
94971
45427
86467
91339
20030
95802
24155
96534
49217
84059
80924
56101
8061
70088
82013
45414
90876
86492
68282
58071
58264
76877
67953
2868
30313
3498
98990
75065
1675
78918
46176
15755
40197
77499
98951
36422
25275
3229
60183
33901
27999
93051
43516
87897
17804
12357
92460
63390
75026
14470
53147
98181
37915
78030
680
9395
50473
27182
97026
15493
11374
4587
92286
8966
10540
22869
26552
78386
97449
25877
3767
54219
37929
62095
16073
66175
998
46417
7953
61543
95979
35062
71602
29704
53933
87192
7159
45977
1273
13597
96187
18955
10545
82095
93147
63888
89548
79336
60142
59132
70881
64435
67027
5160
18710
71793
37218
19464
9891
38902
63521
54308
58429
59943
60665
6960
57333
30329
90492
35676
38658
65790
26981
76215
37263
50696
65555
94862
58536
6319
65928
77948
13795
84595
89773
24137
94818
51923
55915
69815
52832
9556
87903
85866
79462
74094
21636
10899
22685
88488
54057
94770
37518
2901
40932
80626
14618
58520
81924
75093
23660
26084
26928
2986
75979
32509
36956
84679
26931
40955
57076
56751
72928
58054
71662
30404
20957
3650
53323
95499
36715
82731
17528
33742
64147
52232
70667
5050
71109
90599
53189
74515
74019
2243
67266
96333
85815
73976
6183
72088
56493
32030
59103
20254
11111
67038
48019
92723
33105
1414
74621
78755
51637
78973
92917
21888
29994
87026
91282
25499
74446
68810
10079
57596
29762
77231
56277
54286
75746
63260
98003
64457
52907
57361
50711
1099
17046
56524
49831
54054
93500
63155
35498
62506
7853
759
67712
40578
49336
80142
8290
50006
56651
15642
18956
23646
16779
70156
723
56799
10691
1507
70714
48972
67797
14908
56266
28858
94299
85835
45720
28527
8653
40186
82257
81192
44598
56671
53401
33080
57802
9231
51302
87431
96758
57471
94211
49058
23686
66826
62476
98220
25746
29466
79307
26356
76608
74197
14860
3749
64851
44671
20206
95770
23288
14967
7103
92004
23966
16130
61938
9232
43190
55213
74743
49796
81231
80302
37726
98297
96137
5327
51415
85777
93535
85476
22414
38663
30877
5631
81863
54471
98494
69007
33753
8519
82711
15939
95913
87355
78976
37433
74260
82494
9170
16346
8547
27492
99642
46994
80759
71657
56625
50955
97147
6397
88184
10378
46124
93290
29230
43083
31865
2771
11699
18247
39561
73152
45166
24497
83313
21956
26774
35285
48234
70501
92833
35182
82436
58883
1550
15689
40294
69721
77699
41828
68037
9624
78874
50071
61235
26471
4002
36076
29312
76467
74688
45386
43761
42165
97698
53678
95512
94462
81985
84588
74485
20342
18774
8900
22528
4000
9897
10563
33258
58447
41726
69470
89731
355
92753
58065
62235
19838
76565
44032
96455
37678
74513
2693
97522
32887
42780
83420
17377
78092
47663
59983
75874
7265
61473
89927
18038
17364
38013
56360
89739
35866
94074
66959
56544
13003
25301
22498
95082
90287
59561
77096
69664
37358
96909
70264
79244
76242
40383
95792
95388
60338
70572
30314
42645
63086
87774
1492
42442
52233
97309
83201
36278
20229
90167
93479
48665
79064
33503
76466
49017
48756
53631
28604
95521
36730
27379
53237
97041
58832
61020
92922
72905
49279
13307
39839
99195
66041
42997
59921
13915
97672
59856
29498
44653
58146
88962
99926
25610
46724
84325
37223
82620
30841
96233
94299
92516
46387
21183
62225
76907
58944
83181
69010
93383
46208
71014
81252
41961
51226
29951
80407
83868
60721
26672
64837
61044
66484
66997
91622
48881
82736
84823
10714
65235
13573
74514
82006
99009
61817
17942
65544
64948
17499
25276
99600
17337
79760
25965
82462
52513
72483
353
37391
26113
87872
31008
5339
1002
78205
31621
87790
44348
97825
60797
91857
78684
102
28997
86440
41092
79625
23960
50164
96600
91508
86592
24368
25701
15960
13876
30985
54586
8697
45367
56273
49438
95603
26104
14950
72105
21358
25698
71207
88020
29340
45912
8246
87937
27559
19335
36088
97592
1335
59394
55077
25983
27886
34344
66402
30220
63004
10020
94248
85709
51937
38288
59151
45604
17687
94958
87844
10771
54687
64567
53355
9350
90907
966
28814
54166
119
87259
79455
89748
9930
29705
70252
78143
63696
46702
1946
84
15673
72763
39111
29565
78347
64986
1144
99902
71883
4227
12886
14625
23974
29568
6937
70581
74851
4831
32787
90612
55969
41831
9922
24104
77941
21103
37923
65337
10917
6405
83783
93310
58513
63378
39778
99141
62673
91535
22518
11851
50835
80684
36830
87476
68243
85294
29402
45000
99450
16038
50319
12989
10912
90531
72306
49970
81094
71531
93449
25306
28436
56568
44757
66547
39177
11489
79059
68137
95336
40937
78843
1071
43942
37274
38180
16160
47710
30784
47646
51293
5314
86133
65866
37393
88455
80594
92129
95145
86019
44411
81152
78699
59208
53969
81637
17268
11413
8125
4976
99575
26089
15649
84886
4822
61683
97182
88259
97761
33712
13434
62594
37919
57493
67037
24360
99186
12891
27319
67991
65828
36101
90315
79799
20959
33016
82229
58855
34533
11936
93058
21255
73411
19343
93063
66006
17213
81893
8730
87989
3518
16234
83087
22581
10458
10894
37122
42028
78964
80684
65341
41120
62439
54925
51770
83897
91526
22972
90957
79637
67780
80662
98494
42597
47323
7941
53198
4648
497
31644
43025
78499
81614
52578
35864
82818
66176
65419
10017
58247
63822
92609
11686
28711
30596
28534
55178
66129
53761
67659
36809
50039
68752
10096
1265
41552
23612
50501
91740
43722
10012
98488
98004
13623
53422
52741
97286
43061
6354
85802
74673
30416
79363
49597
91772
50110
43349
43371
27671
14520
42876
22305
52311
41830
81530
70238
63762
21918
4250
77713
93724
88960
47558
78232
41303
7079
98156
55335
82291
41115
7843
28052
6405
91311
18339
96559
4681
32833
94195
29800
16052
56729
13988
18181
68474
23109
77768
53024
37001
50223
74930
32644
90907
12998
37214
66765
81738
6201
69862
68743
71956
57781
37429
95202
9738
30075
68083
29726
10449
86184
9192
57168
93610
59221
31722
74728
79564
77851
16885
27103
15301
20439
91104
53271
71434
1717
81016
56673
79557
42227
33284
34479
37419
32551
95094
75704
52527
19727
81289
21056
80599
28855
2870
12964
55326
57126
65443
86956
57027
37886
40205
68936
29454
22285
6373
43510
93048
57184
51124
17806
75872
16319
42204
25183
78193
29271
32322
87041
48433
74334
23618
28085
44960
92612
86692
83637
7709
79154
22902
58291
35687
46126
74988
74574
8987
57734
20034
60928
89799
71594
30265
26078
49301
74247
76856
5319
20623
37665
86533
49656
28235
30734
97338
60301
70007
72666
88954
76116
31334
21027
6757
92039
4670
25536
76176
9656
93514
43254
66193
20661
27722
91597
43592
61618
69458
9559
87752
7034
60382
22668
84502
81148
63682
71786
69005
49081
42456
61494
61033
36471
90181
27252
50180
48864
20907
60254
91014
68243
18100
61851
22922
63161
7715
17446
3770
51174
16094
76481
7787
47028
17506
11623
23725
22403
7741
3437
32794
75182
44267
88561
85033
84706
80128
98726
28522
17665
98973
9113
65076
62598
10125
76461
15274
94493
54795
98437
5175
54958
39337
58524
9259
5885
62284
25741
70410
69718
62144
71208
39308
68003
20390
93360
40269
9977
29213
72874
57807
20018
47818
39368
13049
24455
68428
93705
7340
48084
79941
20697
50229
88611
1320
27756
33020
39646
7808
60675
83843
18388
1232
1347
72791
65007
47955
93713
53028
10814
22102
19411
57879
92754
71469
61275
51770
57498
1681
12886
26922
73958
78831
85500
76618
67010
99549
26885
71247
15008
81346
84530
49383
94072
88134
46507
59972
96258
71672
24443
87184
83822
42324
62706
90902
23620
54555
23066
59887
6618
55875
70606
41594
83638
85882
7821
31441
47795
79021
3245
69579
38167
3662
45577
67029
52959
65302
638
25044
64097
682
78204
34470
2551
62248
67463
60240
40675
5704
67310
60851
47161
94556
22898
5015
935
84294
49349
26148
59821
14515
1090
79980
19624
50733
38037
20927
15253
90017
81742
7572
85476
99820
22209
90782
30135
79456
27821
92209
92791
86306
42697
60708
69689
91146
99018
71855
19149
61109
63932
29013
32351
76927
80223
82365
75072
65777
51629
30494
25173
87457
397
22643
66099
21670
47695
97638
81507
63566
29708
99065
33923
16807
21132
61384
20432
21860
84938
96565
29039
43882
75778
86155
85823
48713
70983
79711
7019
16961
65893
35451
42624
93712
8196
4285
17375
43302
51028
70891
3829
30
61235
8172
42630
99264
37363
122
95674
10657
81206
73888
42931
75261
21816
8814
77943
4536
81816
52467
22114
38947
83473
43853
99989
1605
70068
93192
90189
91031
16793
21400
20815
28494
71766
37280
42878
11382
55710
80291
58209
51952
97181
84858
202
4341
971
54258
36390
3039
41274
26579
70933
37777
75166
71568
1055
34902
38069
46668
71184
86426
64150
95159
53062
86649
1146
75709
89275
50110
14432
95734
8381
79988
85356
61582
63458
85481
37105
15490
3755
14924
74228
56271
83841
96346
43508
5878
10829
78208
63776
60886
80330
52319
63564
65366
25769
69111
8388
4357
11952
28179
56020
79263
87425
99665
43458
82786
44432
59959
80436
79041
73194
94194
95798
41973
5144
92742
35596
50163
9300
54526
34858
30217
60326
4645
48440
49278
78405
91868
84864
16490
35403
9035
53126
53893
70699
29072
90036
86947
78887
45311
78119
8715
25303
7695
73559
26946
82361
81774
37111
91749
85562
48371
68144
90319
40009
82509
35628
21918
2127
88900
76310
6211
99224
62618
93265
59561
62973
14175
16798
55751
46154
68357
28629
18073
28460
9503
83870
86490
38553
90772
18228
57118
61908
96651
48997
86547
21798
25744
17012
69753
9394
39556
39600
95087
74132
40604
79833
29950
97047
56855
35118
83074
4488
38624
75261
50597
36673
44564
25152
10242
36618
36749
88263
20282
87530
21947
48962
75951
77925
58079
13811
46266
19922
64490
40138
51990
72693
96786
79105
26441
76053
70782
32418
57960
15937
4204
65404
31382
6580
15740
59293
56320
96384
11221
27907
91129
71365
31535
34141
3020
89072
13367
74179
80093
89187
36896
91052
49928
10519
12403
77803
42325
65978
24493
17339
13289
89117
38272
6107
96401
56900
13383
10422
82912
67887
4054
47725
1892
50338
4736
20858
83749
91456
47779
24675
53173
99830
82928
76263
69376
51584
79831
12270
84182
38356
28286
10478
97691
61450
34510
52779
12612
87115
58615
74933
43963
65198
20592
93068
69939
46934
43838
75726
33002
60475
11549
51119
67391
86754
34886
56450
97501
18853
55154
82120
21982
27613
5893
35202
37719
15369
11739
82808
94840
2864
34409
80047
75166
65100
6033
91803
33433
99088
34239
83955
59326
87182
47217
96029
16722
39897
34050
45002
42431
65626
60795
64270
16013
3452
83967
87486
91373
5167
43738
52695
57421
87820
71589
30601
13614
73665
39068
74888
33147
20875
91578
13045
26397
68597
45903
83087
83329
63976
93297
21277
2333
41605
66431
3324
93279
78536
79268
72357
20457
14375
77110
33843
30642
4827
41290
61989
74974
14303
57783
98229
14803
91256
347
61531
83245
3940
4520
70526
57785
11877
81486
61198
69509
23802
57522
96351
28297
9501
77072
84125
86899
54952
63740
37425
41478
70427
71739
40269
48763
99076
53291
37581
16513
11775
11741
80834
98067
18847
23701
93383
65746
23205
51749
3334
26761
62603
65814
48123
79680
99242
99426
7275
66564
79719
41951
8613
51238
13693
10510
78380
8227
13722
18114
2551
75210
98149
81487
19414
74951
48201
54899
53690
52867
34544
94320
19448
84925
49543
49859
15754
44460
5198
25993
54056
79380
33793
72703
86989
92045
15733
2198
27338
68667
78744
43154
77044
49646
43471
75983
44744
76898
3539
76796
56512
31492
55305
39754
59539
9403
40740
84882
1193
29780
66799
27965
29509
82183
33821
66916
2841
78416
34854
72307
2311
38616
99046
82344
44720
79713
41868
82096
68623
94890
53243
4112
84553
24079
69127
59638
70847
23930
82701
3599
25482
79047
84449
59273
54264
45804
20999
38990
13793
1908
4598
66828
2006
21249
2589
854
35951
32688
46141
98453
92635
32367
50232
78209
60844
36383
4886
32393
36757
3553
43158
1537
51453
58045
1421
91374
28417
80608
18057
48645
81160
40713
62050
84466
9813
13570
61321
46849
48678
40175
58268
60474
77772
7169
84952
92428
12475
89285
8040
70319
53040
92599
89886
87886
39321
77484
76361
32230
51022
30674
21875
44108
61627
34792
48609
19894
9053
20313
50364
80859
83762
13226
59209
48876
37638
95024
10397
77999
83636
27850
44156
78918
97350
5643
6150
7485
49290
64754
50261
21564
7548
23062
40813
44014
17222
34233
12922
57950
63903
74955
10153
3023
85393
2070
16633
67091
84785
25602
97396
5682
44864
79695
42076
55720
61817
8267
4769
37118
38009
98610
38495
39515
66050
92466
16857
45113
17871
29545
44500
74992
76090
18496
68157
61907
57004
88061
87126
36231
70790
29349
13034
77737
79613
22686
77237
53035
93190
56786
27134
51880
65418
96041
28107
95486
78119
79542
15934
52428
39779
58270
83537
75538
83862
25013
19794
11820
72062
7452
74104
59868
4974
10207
78258
9866
97438
68843
32297
60499
60399
42860
13659
84627
33765
23268
16964
52229
15096
1858
27509
4546
9103
62733
53374
59894
79233
45400
71845
11957
82201
30049
6377
38784
89789
85187
98030
15114
48623
45503
37843
3867
5470
92496
46271
16160
90615
99738
62581
61322
60325
65844
77255
10156
25931
9875
11253
36374
2647
19289
14386
76218
13743
36393
22421
61821
41112
940
16270
17038
51783
86168
89411
28071
62446
18589
9545
51754
90555
82168
10163
23958
83087
78193
53126
41544
30086
38885
31052
9403
63298
64773
30841
40464
15225
90450
13033
39804
2081
67440
65388
73160
94423
64787
8598
98517
27019
52124
74756
89655
44278
38939
44728
3138
11678
23618
92984
84579
98347
56210
96408
46932
71421
7528
95549
20973
21806
4036
49232
58355
32837
28125
78970
42116
46098
1703
78575
98691
10093
122
38179
97005
82460
67081
50494
49015
53271
31761
90151
57180
2475
30483
63907
24408
69357
30299
45232
49257
50421
96726
1977
67646
89276
78614
44448
77890
60344
92334
20350
93912
20714
57474
28066
94378
13482
91710
26274
54237
24648
47757
18941
16804
91208
25364
83573
87384
64611
85252
97620
58266
73883
58708
66694
37524
68205
15171
56853
86930
34647
26917
1614
21455
93029
32585
18129
77188
24061
12864
92492
46125
38656
39811
2995
73101
11607
62726
28381
66355
54578
25597
42477
83098
93921
86161
22329
32146
11271
84397
87479
95098
15351
69211
11468
73692
40023
15773
51511
72505
25799
61863
3887
16146
82129
1760
63436
35749
22018
41212
41071
18064
56633
95687
44174
93681
42202
27869
17873
6314
71507
34563
39261
14219
12532
96104
52739
49325
5240
10934
33300
79507
76707
39186
64838
6507
55230
85150
52477
54770
94550
47561
54451
31245
7113
55914
72554
38299
81482
72929
73724
97890
54856
38452
90987
83417
23042
74804
2923
405
6934
71158
54380
31881
79446
54761
17958
31082
4916
69232
37434
20305
74082
50435
52465
41737
54607
52001
44908
99608
1044
1773
64707
92865
91961
87778
22283
92767
80550
48265
64549
30612
73227
36533
83200
40288
98251
6240
93570
71720
29753
80600
1774
34928
87696
73465
59808
84873
61085
77827
13851
63300
3701
97910
21937
38228
76133
92168
6632
81906
96751
32036
37747
81596
19916
60026
20366
68000
33577
23318
80356
90755
72369
49249
43633
99111
34947
40886
90422
57354
77880
71323
62153
4654
71246
15498
12786
46390
22965
74025
99656
58964
34164
68068
29724
32820
9454
13317
96318
34718
99770
56862
35169
57468
61860
12422
83613
82164
84642
9929
10367
89467
36983
33320
85562
84199
69884
69288
5337
19678
85276
16062
37032
19098
23374
25228
47178
39939
98438
93721
41122
78288
38132
93527
14882
27947
37888
13924
94346
86288
29224
90110
85194
21018
10946
95099
59315
45656
64441
35221
4782
92982
52378
15546
70771
75604
27245
5492
45874
17469
22394
42450
12026
96297
50620
4127
10750
53263
71146
82689
91088
45265
19497
97033
97513
66329
95065
43060
25926
91593
89696
19832
31521
27063
15682
84170
30811
16927
22897
64912
19469
36325
42026
25049
39847
83709
36451
56838
33381
72455
98650
33708
42447
96844
94099
28694
24929
332
98596
56953
32134
24205
58273
54817
9362
88232
30677
22416
73543
98575
42101
25010
36716
7197
35286
38184
43198
24220
85269
93879
89368
9035
19237
51020
39823
73525
6722
89390
11829
23747
36630
26943
26513
29797
74074
96843
84993
65528
21847
97787
67798
43093
74452
99145
35590
88527
89711
69192
69180
23988
17576
49707
48066
95920
12415
35792
23504
31448
32145
31776
38398
9363
45157
32610
70647
45223
58234
52906
68981
95691
41043
63289
10000
48227
48321
69539
44755
57105
26908
24140
61136
47398
93924
3663
93545
44195
86393
96537
24108
80661
77544
1402
77636
75003
81762
47878
11058
83763
1298
44643
73760
29552
74400
67942
26231
85348
70103
10857
58496
87656
82743
81016
56247
89413
1287
91525
9331
98137
10319
60685
16786
93539
7386
32837
32440
46358
81459
42311
59560
97782
80605
41632
7635
55085
34024
98940
42563
19321
76753
77266
19256
41144
49781
2714
99797
94858
10508
33144
46762
35184
72982
99343
69259
39562
90039
45391
97219
89738
33971
86362
13460
21890
19839
42125
71821
22698
16227
19114
10260
27087
46333
48413
35347
88977
92649
8659
36553
49656
94881
78899
92379
89646
99131
86250
8505
97389
27279
36630
47030
28972
34836
47285
42992
20941
65007
48745
44038
49005
14805
34900
78226
54294
92206
714
76260
18435
40958
17490
11722
7697
66829
57694
94523
94064
19365
37524
1350
38633
27286
24455
85920
76823
81851
41079
48279
61233
644
29899
23249
77308
81977
4013
29896
59127
87736
96742
56568
97218
90694
67262
44581
92550
61478
90579
31218
73006
49371
8038
30187
3283
90326
41506
74412
45178
3926
53022
91602
44104
8399
41695
38774
39122
56810
36292
1615
91890
67786
13429
58638
28927
53774
65800
84933
64384
47388
7645
77397
68907
61300
54126
72452
17601
63825
9766
62035
28306
33195
16240
60372
4102
24113
29272
4138
56458
19608
73411
58992
57422
93199
98501
60039
48973
43242
2628
31109
83171
98168
27257
26581
89833
81656
85715
31380
13056
69121
19929
38951
26652
33931
36259
91502
58184
93898
37640
9737
71326
54481
96859
19214
18248
52873
98310
79305
46215
20689
92594
11435
24078
12372
32566
35466
24002
75253
58158
7926
50477
70016
85258
59610
14539
28742
63589
48232
22823
70135
25381
80675
56010
83425
8466
21529
6251
32052
69311
96603
11125
98948
96946
21656
56574
49935
79749
29925
55829
63692
75721
17159
18846
70450
58665
2987
63640
85846
16926
53492
13354
56624
75939
13606
58137
55162
52438
5052
22629
87789
25096
31646
85184
11221
52803
51521
77152
58271
95156
98769
41383
93313
6334
71224
43451
79713
246
17951
60867
90621
24558
35646
19349
12340
10029
18827
84443
44069
82646
81240
78997
45088
47473
96029
78985
7283
89301
12975
84921
96756
56368
67378
18811
52207
84520
29587
7461
30100
30893
94029
69855
77212
13838
33241
59234
97499
8550
33278
44585
18010
5876
6519
99977
24907
44770
68803
21239
54099
14113
98657
17563
86211
88704
27790
32931
13130
24691
27386
61025
53866
55587
49876
29816
56450
28414
58601
75781
56138
36409
80598
46495
42013
30057
49581
54273
51283
61918
48784
76512
51013
66051
75231
15417
54809
51372
31936
34085
60511
73970
13923
15032
73762
51284
32841
12833
8055
74180
68544
26093
79417
60799
78299
66589
54800
2885
12050
93746
75621
45074
95452
89668
50799
14798
93329
42358
37331
72758
54664
50433
63647
21407
62605
6600
69885
23495
91798
45035
12410
97957
65374
44451
10861
31179
36859
97404
29805
77699
85240
79986
4909
25810
56913
93203
92478
42557
43600
51646
25721
4210
37615
60846
1892
17947
63650
76877
86514
58280
47722
21428
6350
43832
18032
57035
71009
42898
26182
89568
88546
31731
49474
52398
85885
55453
83592
11689
95325
8890
2402
22115
90995
90279
81638
44481
95502
95728
43562
59899
19071
32068
98700
49638
45610
86670
42972
95408
30073
7530
91177
89696
15987
93993
69724
50251
67388
59813
45840
64153
70217
26982
24734
41321
67663
90416
20295
40640
57267
65894
18013
20439
69581
23722
85505
34557
16447
36035
10699
36322
15217
4913
53238
36607
72958
86650
87526
48236
15064
25580
70687
35425
91188
24072
87062
87246
15197
60394
50595
51656
97675
49451
44942
34788
69096
89558
78555
90148
583
6873
70996
53969
854
12801
82872
36858
99177
22768
86899
74197
65430
18844
54400
18630
54994
51736
75509
4015
30166
24465
80335
55191
17382
15341
26341
76698
82898
43362
85521
21389
92914
96219
17538
76912
43592
78906
79051
76026
80432
55616
10332
51833
68365
83098
91811
39810
47355
99812
65618
33485
26365
19298
73548
7897
88058
60039
60442
78545
19905
61807
91633
29000
77535
1196
61459
87986
6741
81752
49048
28924
18560
14239
29119
71310
93301
89463
25598
36317
12188
48815
51064
12369
60661
55181
40010
18385
30963
5784
21161
63166
14011
98765
12046
28925
85723
44306
90740
79353
84082
77889
74135
8485
59933
68167
68810
26249
49339
41207
21438
79359
69516
39625
26636
2035
34758
47842
90963
68043
65399
58703
62222
31840
87370
12473
57214
80486
92956
76325
18779
6198
57629
30094
6539
43225
41783
72207
79140
88432
27621
45141
36103
97
44792
78821
93648
79507
85159
23289
64914
16117
43410
9850
56565
15940
98616
63721
22560
13621
64571
79328
98468
79598
8375
95512
87115
80683
95916
69704
53875
49887
57507
76002
5221
56167
55130
65141
49414
42687
63050
31245
29783
90487
53673
51699
15510
57468
93611
83431
28099
13315
54659
13259
81502
81877
2095
91551
56078
23630
53247
9265
89675
49242
13521
30075
63855
48170
82466
98845
31393
77948
54547
48152
6342
41855
47920
35667
92480
40608
28935
64025
95598
7962
82382
85407
85718
35353
28776
21798
66066
59526
86136
49587
42791
41268
41764
76330
46211
75799
4337
95166
51878
61811
89588
79308
58036
82965
96662
27273
98781
62499
16435
9047
61716
70836
79157
42481
12290
93718
34149
97004
72010
45134
55082
88956
54151
38624
46290
51497
91900
22960
53009
67648
42984
3312
35680
92513
16790
45264
15316
21767
54778
28502
51709
19641
75735
57354
19807
82489
39482
16531
73036
77551
40155
71968
32947
89848
26474
13216
14202
91216
97564
4779
43680
1931
77861
20243
66199
99708
72333
8155
18265
69977
93694
99833
89280
6187
58381
85544
63661
59410
86513
93472
46640
79453
52117
66887
90447
78233
51901
73577
99200
69836
970
60467
16749
68420
56575
9017
11849
19453
49415
58772
54216
49859
22170
13379
44533
83867
10975
92618
70548
25057
26827
77467
64558
92482
35193
6881
13481
38290
48865
39638
79977
44315
68655
67580
76264
15380
55915
19461
12855
49333
53124
24353
75670
39984
13029
81047
85160
10055
62002
20195
81025
45596
7209
58166
7136
23352
32938
18917
88426
244
30411
36738
90783
65838
87918
32445
29062
76486
8217
90170
98033
88391
19028
91212
44766
46785
65633
23669
3941
55176
15126
39064
84051
32478
84892
97613
65356
19946
28106
21132
39238
41799
63602
35154
42156
83717
31809
16280
97510
21944
16252
85245
62616
31847
96840
19682
49163
68704
52717
33282
89205
71955
8098
12517
58244
43232
98832
67402
44140
8126
57355
60366
9956
57978
39926
88977
29522
80008
56337
72750
92513
22267
2614
64979
41006
95904
20189
13785
58708
55235
56176
1382
74076
63144
96345
68401
55891
73770
2728
95944
80968
72182
5739
16916
97140
69095
89217
36686
53158
59801
23468
51825
90812
84030
85218
83277
88525
38324
39991
77705
89380
12862
32824
14630
5176
60564
57620
13608
20844
30160
31812
87569
98869
84790
1980
25817
20313
35075
90318
22720
53206
29341
51992
73297
92336
3983
51261
63504
77259
38866
86804
15709
26156
79737
21220
95588
73658
29808
99282
91292
51188
70457
46453
91075
13056
39568
74282
6855
5759
5601
34252
83888
76486
74057
66162
41245
39614
32665
31037
2729
78122
46906
23811
6051
95568
27295
70310
61594
86272
95382
95697
70765
8439
27323
6727
47604
92535
73690
47077
86171
87833
90671
70395
94795
12351
78454
30899
49825
51185
14625
71995
94843
42767
43524
89308
79871
85518
54855
24287
9211
30226
9290
28371
97300
82339
1125
40701
73200
73210
93407
30233
50237
2402
51586
88699
43779
43245
1850
7245
5484
54128
47647
70025
59504
51881
77654
81758
88255
63734
11618
43180
88158
72156
96688
90193
58591
32424
70993
76906
99773
53873
418
42885
46132
78410
71216
96109
90167
10625
48064
31780
52551
85133
70764
68939
57092
34252
3373
68001
55248
70161
58580
67027
44227
25361
69207
37591
19405
47085
94556
94915
53453
92204
19748
80257
47612
60656
57499
93296
83304
26197
55387
49111
18225
57262
52611
47854
24688
18186
92621
63447
24587
80862
43890
75903
38605
16289
68403
15500
49810
46951
30044
56668
15002
88307
98408
27178
70085
22757
267
26296
25950
66532
86041
38344
8437
29741
19847
49238
54125
50628
20022
88873
71825
71441
47403
32425
37859
48173
61498
13334
4713
55652
89419
6798
97489
33293
57170
96634
19902
78257
56102
8095
1373
96382
23613
96036
25131
45459
14891
36342
86583
71809
23735
54203
19952
89145
86897
72344
65148
30020
4989
98721
39629
26691
59401
53769
32932
20619
12020
5630
60321
96889
79138
85668
13590
48423
16668
71505
25628
49345
99742
88171
36005
23906
87297
43626
35968
85954
33816
58311
71447
86217
5093
38059
95356
10587
76766
70088
98882
60418
95437
16606
65742
54864
95985
5337
7227
80193
54577
22012
41129
16647
31337
95691
7295
42288
85523
78575
76188
57079
38866
24802
3359
18837
14860
40081
74446
16035
81648
93958
55616
64218
73395
25942
79445
67098
3843
32767
2454
30491
66263
52286
78328
65232
38670
59990
83494
57114
85836
35673
54013
32236
59860
95976
44039
44723
21190
80249
74663
94854
49506
40480
82955
78601
23220
33010
43927
48625
38931
14370
58555
73303
18334
369
66910
90740
89831
31904
47346
73185
76575
9653
6527
51169
38757
1298
4093
56386
58709
36158
85520
38853
63506
49457
1551
68314
63256
40764
53685
34474
98186
47633
87450
66067
51676
30916
84110
17551
61090
39433
79685
51269
52674
32053
24524
87309
3454
95954
94629
28461
67381
60466
39537
84872
22470
16868
5555
63373
3281
75922
8696
3927
96202
12427
72592
84840
80046
55923
4679
72135
84147
67622
28972
95911
752
27717
78838
63911
10046
11216
64404
15421
98096
15792
90353
74762
26366
65302
47740
82949
68230
39104
5056
63303
88078
38905
37197
34836
31392
99532
84737
67111
63735
7832
49509
93205
30116
87459
2687
40784
84290
50606
19259
60834
95244
38233
76661
99568
18785
78085
20896
36481
96505
80568
47078
68803
66940
3937
30102
50191
78294
63408
91895
14521
97028
668
19491
7411
17068
52305
70678
55180
65223
71482
47788
48525
23430
2580
55441
64728
53098
17835
26084
50604
99683
86636
48752
58909
57645
13119
69572
80591
49219
25716
3320
12103
7780
69425
46215
13008
71762
67486
84
1795
87842
88619
74887
69499
12259
69999
16815
88686
17144
20464
94602
83186
29430
57080
21779
95350
96842
27954
23529
72888
92721
75792
88254
93809
932
97004
14387
34545
60309
8661
81481
34988
81643
16059
44507
96309
38974
66907
81085
92960
80078
83919
10136
71185
23036
25229
64362
65224
45176
72729
55350
19609
53511
58011
44493
24613
70242
53740
65152
22137
5634
81272
46198
80923
26059
64305
33565
3109
51165
98942
75358
95899
77173
80126
12629
15394
34703
44792
4186
69733
76222
33759
6890
75139
95797
86283
97502
3181
88080
81013
41702
95784
74700
28554
59290
71596
7945
94873
57721
82305
3890
42760
87861
46261
19739
66217
6800
58117
85125
36322
41404
45792
87656
90700
20607
9946
18269
13464
78997
32529
81015
99971
7756
74825
49866
11531
56587
14930
27432
7782
1326
51681
53662
87772
50072
9412
42204
8133
14492
15964
99775
81153
3890
99582
34414
89505
51204
69044
96895
64123
27891
56736
81355
78426
23481
25632
78611
75059
57920
65718
80075
46503
33278
38083
81740
39958
75776
33007
40939
43978
90081
18627
18612
73818
60109
48744
12017
50642
4452
9873
94440
58659
1849
18738
86695
23182
53256
95319
21589
90017
21597
54948
21241
53759
46077
97672
66631
35525
55897
72424
93459
81646
70685
84863
86227
27790
52176
1749
31259
74769
25758
2997
93334
53380
8242
43735
70726
53991
49834
80254
14626
93350
47427
6237
59999
89223
67061
96697
22466
42963
5204
46515
80370
20547
52690
61728
82078
79300
19308
10843
43388
62696
74103
2685
90046
42720
56202
59225
26879
94657
45251
38168
86275
94376
35982
92069
2929
50298
69700
91151
63541
65101
34186
85240
8283
51055
69232
77728
18023
20283
39168
58411
93793
85704
453
52948
45111
16390
64182
34867
27555
72197
18697
66739
40491
48958
26014
18062
51110
45280
27645
61844
55557
3813
32064
1298
26159
91934
75460
49172
8393
97813
74552
20411
85575
20900
83978
19015
36639
47037
38718
54734
38564
98595
21476
7870
37431
82940
87780
72764
28899
57519
25741
82765
32911
29071
8579
8330
23576
83267
25950
30690
59257
4895
94061
72907
94161
87166
48662
23285
35617
76169
14496
11233
18266
86267
97209
60472
89422
50591
37106
32277
56381
67217
44851
94168
20982
89422
39114
18671
64535
40063
79515
75102
42762
16224
14386
67952
98359
85542
69493
61186
91768
46486
86589
28228
12986
51634
84685
69760
21113
32846
30746
57393
90843
77212
53460
8356
15319
12586
64465
36967
95177
40064
88236
88154
16722
70178
73539
65260
91769
6109
11465
22626
48216
29685
3663
14878
86711
21534
82183
17742
47585
81404
83044
85225
78466
91971
34491
38569
66448
35045
92746
26513
55398
88498
50354
87035
89905
91760
68300
37993
20038
45368
56617
58360
1130
86502
93498
13577
35316
9442
34228
65949
41191
70929
10009
96762
88842
74408
70921
6299
518
25327
43048
98285
68138
84179
3409
11148
67984
51384
55703
46704
54976
77122
61925
12542
85452
21656
6077
54392
55245
25066
55002
81342
94587
68476
59493
4945
47033
55028
16990
73176
6774
16725
74160
14608
11807
34198
98554
12798
26762
6661
63282
4733
7790
39110
15172
61715
29596
43901
42653
54363
76314
76971
40664
71213
26742
21258
24118
83378
59183
8016
64858
83155
33087
31507
92923
68894
28988
45648
17765
78674
64803
98679
49286
74740
70039
36408
66714
71443
52076
4916
60849
90079
28085
24683
74137
19741
50961
35254
64279
16093
97889
88281
1259
45896
25311
44801
16776
62878
115
98673
33611
67242
76807
73809
86170
97166
25915
91741
93383
86323
14830
37794
86254
8388
86432
52487
79628
7979
65588
74436
72259
2102
14974
36277
32851
56524
83986
90598
5841
63145
17635
2619
61104
55615
84796
53087
85595
48945
77218
29002
18566
98822
87492
96582
95282
20503
90580
91636
99900
13026
50280
2556
23919
65667
37987
30969
50632
41059
29932
50412
82406
23354
70882
3983
20205
93780
2797
48525
30757
89060
432
52519
40133
47516
37584
85580
15010
13859
29713
93002
93447
61867
23695
39926
20170
93757
19295
46326
21238
29585
1137
7204
2560
70464
71076
68193
1615
34155
91036
44514
41876
40415
76733
56124
27394
26914
94314
12339
6645
53068
39577
92782
81864
2701
51091
31017
34924
12246
81625
14257
81201
74641
47930
67774
12575
89890
35239
8085
85079
99042
84784
51413
26207
11866
46236
57334
16222
58512
62181
94455
9598
92929
22790
55495
23319
96086
69417
58708
85429
83474
69915
15212
35009
57335
3582
14542
92473
37783
76144
3143
16607
64869
73589
16308
27140
56608
36682
57337
37679
48468
85078
20417
55006
31534
442
15673
57567
39887
56462
34237
79928
34851
63281
23728
60519
86378
84855
42110
46646
66261
16379
10489
65819
29862
35374
16541
86122
59100
19039
12093
14499
97300
88456
65160
325
99269
44296
2252
68779
75972
90805
42244
25454
10081
60327
48933
62173
93799
89228
51656
64856
81402
66264
73852
80318
32426
50270
32706
81480
5154
79999
86440
80703
42678
21088
80667
55987
5348
85638
93834
56924
54363
42996
36698
65895
47412
1842
38714
76744
34224
24516
32870
80159
60584
4318
3527
80590
77171
83566
86814
68902
47290
11904
6336
88418
43953
59271
63391
92786
48615
55497
23236
54265
15516
52478
97228
13399
43109
86570
65929
47153
44069
63420
47649
61567
23328
69081
90125
53329
74652
84637
99933
59747
86645
28003
84699
33217
45846
80009
34791
54376
80926
11831
38252
70363
98391
12252
70002
81609
87381
3699
71424
42434
76393
1455
96233
8743
28128
76900
76796
79416
35942
32020
90037
48781
31832
24832
24398
23851
86907
52039
89359
24473
39506
45550
15402
10207
57006
85051
86646
9130
6637
45544
34745
26787
98967
31836
61439
13418
17584
85200
83898
80483
62876
11310
14664
62989
56170
96507
51148
11013
84247
18393
41765
90955
90315
38793
85901
96975
7546
80296
5495
49711
33551
43026
8299
78371
21465
15338
59463
92634
27353
12579
151
29539
72714
93929
91248
96708
92160
15570
36042
91460
96186
71012
63398
46692
4865
40648
49422
70445
52356
62699
44811
3553
60496
95974
9227
81261
2144
96258
50052
78933
43748
53112
47373
6712
75063
64498
56756
29174
66988
34855
7968
29731
48864
20740
8880
76497
33495
11256
54316
28808
17831
374
63130
54424
577
98014
8324
25570
8440
69366
33834
8895
78730
60323
99997
32380
50501
24015
11748
88146
89806
61319
18872
99975
25941
65574
3647
17501
46064
94588
4932
87720
31691
70741
62857
27420
99444
29588
57948
22407
95782
19372
22665
87750
61914
89222
98401
42700
84822
9568
83598
96801
30930
37275
41188
67292
27178
22099
58148
13365
24371
42793
47159
8603
67872
25420
35201
29073
94621
36766
23674
76831
20815
7233
70084
44165
40610
24599
52317
96652
87232
25586
18428
20823
96681
54770
95954
39340
53010
19208
14467
60933
18702
32087
76829
32002
10027
16941
27458
22375
47120
71268
16
76450
58076
5254
35737
46107
22662
60840
27122
38977
64745
94496
43938
80819
17501
54340
14172
31777
55613
75774
83031
62033
32047
42441
30628
53667
93328
33777
42732
52928
57777
66614
32386
20927
71090
86981
29293
88121
5237
2232
60260
90417
35856
40168
19411
71802
55092
15388
31892
77158
82028
86542
76619
78315
76757
90529
72614
21103
56097
28049
91931
66209
48112
33660
14700
47605
35045
71960
9699
28244
27323
76965
68044
83589
78482
27935
32140
27926
22543
13523
69390
93209
25321
69588
34039
23193
55301
81627
45626
52134
61029
80224
26380
98333
15964
35310
43230
82982
97778
510
15728
79575
1170
45088
81144
29501
40692
14224
92603
33173
25888
91862
24848
73168
69187
88392
24553
22003
97609
70384
35141
82084
55846
95213
70487
47190
57871
7240
29442
98583
4676
4745
22086
29017
39735
3014
52198
90672
21963
64180
59911
56902
94341
15933
85320
34344
93751
43008
63652
38861
80794
99117
76387
59275
46064
40092
73242
72184
27445
43852
8224
16414
76291
93121
23795
61088
84523
74176
64541
73670
50426
51085
23928
86068
74626
55822
88565
23244
42573
77578
79077
27781
98024
23561
65146
31012
1117
10896
67129
94493
22703
46761
77061
64713
76855
76511
62913
88227
13939
49795
18961
34370
18819
24919
62291
1456
71938
84751
96345
80479
56573
96819
81152
41897
81560
94999
25323
63642
38326
31716
49884
63656
70862
70836
93952
23771
89327
48769
11868
16914
70153
99926
12678
18819
64473
47478
11278
7573
420
10205
64676
6038
91603
96018
73618
62419
44146
13175
84239
23220
99668
27772
99095
96354
78920
77645
53151
2848
93673
17105
68875
43845
69216
60753
84517
86618
43677
48058
47587
83366
23588
43226
2678
39477
72861
60806
35166
68110
39797
14758
23966
26463
90601
25337
7646
91143
49450
93563
17418
215
29440
48421
76117
51889
68953
87294
91098
21245
62912
38478
57957
24611
90811
8015
48396
45563
57120
44036
3937
75506
72387
60890
89467
59520
38713
17204
33188
22809
13760
32655
25970
38103
6126
10141
46637
25251
75724
94543
42392
43673
10914
26109
9935
52155
72035
27017
84506
62394
20190
33651
62144
93317
72102
15116
11618
63972
83254
42107
36034
93051
45755
66942
54661
20772
31690
44260
24365
59490
1135
60529
1863
21637
87222
5121
62563
35
53740
47671
61353
72860
87953
41024
22655
31657
86274
64817
55010
46959
2285
25534
12741
76153
93723
30219
36852
66273
53831
20388
54460
31980
83585
33388
89085
98604
38671
52581
21125
78327
65708
59513
80233
32014
77459
13772
80980
44374
39292
35429
39634
11222
94677
42025
61097
1533
80977
90632
6677
58982
7099
2553
86356
86297
6634
52480
14189
31259
22770
36860
41833
34429
5232
72501
69597
84177
96905
52120
50192
19907
37096
77420
77293
74583
60763
5227
93140
68292
76146
27640
62837
19016
54581
36034
81103
1986
60230
31189
50440
94509
61345
6525
64047
12182
59689
66673
908
40280
5816
57678
81525
93579
76433
63188
41052
30815
39076
74113
24985
46500
19102
59690
88709
28637
88528
80088
32231
4203
13089
59891
54408
35561
76819
55273
16107
30931
15427
84849
96658
35924
82308
51433
92089
57420
40389
81815
69645
30792
7972
68989
69821
47013
92269
88411
47712
18636
33638
29889
81189
36372
59579
77058
60017
58417
20795
85397
46480
11967
41803
7496
68914
64329
25643
75780
48267
60303
9356
97049
20874
76550
77009
99471
24861
30907
29905
66249
86563
99034
80829
20648
17278
58104
48597
32728
54339
38996
49638
66708
92894
56655
84010
7231
60398
89410
40504
40567
48868
15171
20377
95587
19055
96330
820
37097
4666
84817
62571
53566
98147
2082
42467
42356
41701
14023
26204
37720
6591
99989
35076
12486
90646
64431
82115
50649
2234
53258
14532
15746
50335
27761
33637
19986
42820
97470
34758
61152
63990
71346
5266
72580
71385
36176
2608
73048
50368
38142
17419
56768
94934
7250
8548
48258
40215
36742
20322
52329
71207
44310
8258
60840
98916
67375
14206
96403
48160
14334
65723
49959
97106
9849
46386
15737
55354
97850
4348
11685
29305
25596
8923
43835
42040
60716
90007
42977
8015
71046
20027
58915
66931
74172
79579
45803
47553
27344
31273
60750
93790
69276
3698
83031
724
8311
86430
35548
15640
47110
82907
33779
86351
47832
21547
25200
41764
52803
20071
10294
50604
28979
90694
42079
21329
20757
63972
42452
9020
66701
73404
13228
49462
61438
96846
73351
53043
50942
54703
83286
75415
2689
3663
65735
3539
59998
27825
45557
18559
32996
50568
31542
41179
52183
97906
16767
6101
51296
7241
85411
94788
69798
29743
62221
33098
29808
27070
35561
99640
57270
55472
99175
64365
77531
16287
74206
11387
93799
49735
66358
52566
60246
96903
5156
62213
33135
58163
76126
31547
24576
3214
2012
54623
15762
74125
26556
22352
25086
93204
9710
28113
2233
53706
44271
92542
68848
3694
93495
24565
61294
30098
20082
96881
77305
74083
40949
39638
64621
60420
17858
52412
29979
3381
49742
81690
34825
98977
57785
21367
38330
94550
34837
51459
68882
62694
26491
69174
38855
89351
53062
65135
46090
59782
13559
24008
97987
78283
85347
54716
15401
54324
23620
15508
98273
83550
34977
29275
42646
53352
31007
16492
69149
83077
52465
87454
15854
62344
90366
6602
40654
75726
81988
19382
93275
83222
94638
77259
9133
89859
19502
57015
5057
81259
8759
69250
86371
57695
16565
61206
13720
24720
86649
61113
71291
71332
76366
16698
17326
90176
23385
2199
57318
63494
49367
24148
56451
84413
32506
41953
7407
32519
68362
92070
53721
27824
9621
63382
18912
87382
29295
60882
78545
51854
38938
12853
67615
38026
15858
62858
24587
84591
37084
6091
34400
43270
15298
40836
52492
74234
17296
204
22530
35583
20220
2462
16558
81871
94693
14810
42839
48878
97280
74203
94984
47266
26623
5766
68080
59419
84462
89229
48698
52068
30378
75980
76548
59248
19908
18859
61658
18630
46925
95189
57377
87054
48173
14107
26752
32938
55889
70061
84247
43812
53882
4193
36558
32597
69045
29390
52864
70606
49795
64987
78303
83361
79379
97947
60671
27743
71677
54390
26507
86563
59955
73561
75724
28409
10939
97141
56838
70027
61813
41931
70739
34792
60163
94858
51058
83438
20854
98830
42082
87444
25602
15745
47436
97652
33279
42630
24181
96821
12337
2513
58025
64690
81963
82233
8827
80355
83279
43499
8519
13133
637
85302
33391
84218
8383
21744
64919
95281
9600
89677
40391
35432
32048
83538
36956
16102
29206
64568
36944
56627
5020
87843
4730
25375
23606
94764
6245
99788
56211
9246
87651
85332
41156
56736
8495
13412
42614
31539
34066
26062
17558
67147
60685
59302
3895
34303
44178
29293
1083
83315
70850
86084
43143
39169
39486
58013
89037
57134
93543
84521
97634
50943
3949
41451
33446
10997
68976
86126
96352
74641
41232
77242
20988
2352
33694
37400
83293
16977
75004
32186
61355
80848
18416
64371
93952
12413
66333
3936
51976
22118
36772
16381
27199
95628
52020
68539
87990
76561
29782
67379
75650
10628
29603
67908
31320
48013
32313
58809
19274
60571
86203
67197
35144
29144
30579
77209
55441
20807
80962
90233
3075
47016
9414
90904
87663
54252
77062
85990
98893
42267
34504
95595
21331
20162
17054
68911
4528
26279
36153
51483
33340
24388
38949
61116
47501
1290
37057
26829
21983
37298
71120
76463
17846
23690
82895
83698
36745
77942
81883
60080
85061
81032
4693
75857
15093
23643
31146
95037
76114
20280
11383
45874
97416
6485
36435
80240
56735
74154
7122
80273
69703
32707
65417
10602
57565
71440
70898
74394
12507
84119
65160
17
34807
56934
32712
63773
60354
38830
74031
18272
56408
38924
45529
91730
6219
99314
1219
22582
82640
73100
70827
91532
11869
26213
48215
84655
71926
97607
61600
42818
8927
37252
19422
36102
26973
37515
8702
78042
15876
52574
33123
26928
11722
25142
44267
33104
86164
58636
56449
55244
78038
47620
19009
14105
93062
99664
24907
96866
8098
52408
3140
90948
16386
18493
65591
60529
52080
47304
79772
81144
71059
33755
19575
72603
24152
4659
29095
81050
65433
78804
81154
62516
24902
13105
30561
10973
18704
94214
20693
182
36145
23403
55908
31564
13013
14271
74874
85465
69576
11456
78961
11416
67825
79575
67709
90881
83576
2385
81327
24536
19226
27438
98736
405
29642
28427
58698
72207
92234
68588
29267
52306
47233
30399
40309
70817
19150
83836
97557
80726
27147
27449
42366
20708
28302
43149
35167
90850
85703
35341
36160
26048
43333
724
64354
10406
15005
94839
79711
17858
83159
37381
57238
74585
46478
18162
41090
14622
98073
22648
50052
74913
546
21989
59465
8399
9551
28084
77364
73423
83181
40791
60432
25978
2245
17326
48598
56057
50841
79566
63859
42409
73249
22725
79762
26271
64391
26007
29148
612
15554
98875
87045
26781
39799
38249
42333
96111
70188
73051
73347
58646
71091
72125
36835
10102
54953
78178
34214
25246
18741
31929
51808
57132
20029
41205
51862
29111
36268
87513
82012
30881
10266
99107
18160
53548
12209
58385
9995
82258
29531
59681
58927
61544
15871
48119
35991
49887
73395
16086
27893
27634
6231
40391
93312
13737
6213
97898
88955
42030
60174
34226
12379
64005
92944
79863
18719
22063
34477
36688
50157
62671
34768
42046
13203
21106
41135
85596
34836
44708
18319
53271
4665
46793
77628
39257
36462
44694
55587
58408
98
31379
81577
84263
32946
29004
43229
39120
48345
41377
49176
65404
34712
1247
96470
33763
54294
4645
55042
11349
91155
90340
1612
26814
73223
80646
26746
52495
4979
22233
85896
15253
237
61037
23492
36951
2656
55488
93477
8900
66291
79303
16219
28164
99411
45967
69654
8765
98351
49883
12199
21059
73840
59702
61100
98002
39480
89716
10682
36987
50447
74667
72941
88315
42985
71624
35052
39603
64862
61335
93254
76711
84292
22386
68191
50590
76876
6502
38478
10639
93383
99145
47735
95827
41674
48062
13997
52479
58607
33593
9108
33828
82492
43780
35595
64333
92460
31658
43535
96527
59558
62460
25156
50693
74351
82196
62446
1044
47585
1015
47385
93441
51556
71451
2909
96270
20456
62730
931
14062
70703
83419
8231
14470
46663
94580
87100
8784
24115
84592
46021
23644
47312
17919
66363
86467
87504
7832
89070
99930
95308
78440
5024
48403
14806
85024
25682
34395
45081
33353
84546
42337
58709
97186
92481
84900
44189
77045
13177
5617
37589
72480
90797
43121
84103
526
6604
70200
26981
4550
93302
6158
13142
61252
26701
74331
934
42458
40412
54469
88951
48808
76128
29459
20126
51951
57058
66262
31885
70547
14026
72124
86076
93274
48493
73497
46804
18570
826
56835
49304
77133
9767
10459
69193
68031
21319
68881
26110
74399
7185
8025
82899
67384
52644
77904
82653
38848
45551
88919
11437
55508
22103
69982
10576
46051
52588
18924
50235
23999
3500
96449
23266
76776
57166
91936
52857
38493
57844
20264
13094
10446
21876
78149
82803
24298
48083
19260
58558
20043
68619
62550
89974
42377
58377
27085
42517
29494
29899
31405
3176
8562
56949
26656
74636
36169
4710
69910
66781
1543
8189
75618
90961
37064
57766
43476
11539
69530
16438
56414
27285
12768
19124
69919
65085
61496
35989
7256
32853
99353
80336
61792
67203
85809
15084
32971
12755
65142
28263
46670
45141
49462
16523
70821
85097
97870
59792
56474
83316
59215
45239
64068
31714
31004
40455
99637
15584
76789
70359
90604
76637
96088
14567
21620
87016
81756
96045
96559
13584
4189
39161
80831
90428
5500
77882
51413
45154
29981
20114
23980
72325
84256
31711
87488
99838
86323
96045
95311
90524
76818
18615
91198
19318
5782
63
11624
91989
46139
30886
67268
27382
40514
4212
28515
69315
20112
53017
70193
47181
42185
97333
87308
23399
94103
48812
44155
35243
18857
24862
33363
95202
23982
31887
40433
93722
19326
13932
28146
59357
50464
65728
38303
20738
91098
57957
58843
86787
80717
21381
98632
53475
69266
53240
98144
96285
79898
44782
2879
9325
84192
60515
90996
30670
47224
28336
72401
98964
46769
42794
17193
81716
78574
67579
29998
13783
19690
43374
23576
48361
10077
92744
72237
35527
66310
5368
91511
96826
44696
71079
34423
6782
43340
25715
85039
64981
6475
72785
66142
73321
31865
29408
5233
21667
40513
66490
47049
18508
65246
65071
89843
64437
86366
51019
12791
91133
49218
36250
71732
82653
83526
79181
18983
74772
85323
61392
39509
29365
77034
51402
40843
7636
22194
83515
85908
26420
45790
29394
30709
34338
48016
77753
92263
40225
40758
60380
45178
46419
26366
27861
15188
39952
34035
4414
2826
97657
74717
62654
93318
95056
44052
83395
81079
27360
1926
7429
14610
60904
61166
85868
53638
1047
65280
32402
89191
39166
70758
78651
70004
35473
1259
63243
55392
81519
75965
53328
77867
32127
66686
73071
65862
46281
72880
93248
65159
39857
60864
33217
49787
70050
3640
39177
26404
10570
56315
95407
1108
3106
46147
10333
86775
62947
2235
61202
44654
90762
56784
79742
98951
74473
99915
29650
54884
6542
73842
85787
14888
35472
67202
87844
80389
75379
4858
77034
93959
16950
72299
35844
95095
17732
25787
93063
78510
73582
7463
35318
93156
59793
20511
40609
1522
47882
7530
58255
37597
37278
66943
18574
83200
95976
42069
32496
47744
84542
79894
93953
68429
76749
84062
2283
35222
60396
84741
66203
89871
68257
7342
68465
50412
97124
81156
93932
61921
81292
71360
21727
49199
28189
24757
29968
2569
88037
81992
79609
34048
96865
94376
45249
72667
68052
61042
18400
35460
2030
30609
12801
43602
22486
62757
4527
58982
35888
39008
38733
20107
28652
25339
9424