6344
3551
5654
2227
6816
1764
1410
4129
9137
9833
1299
7477
8953
2454
7873
8919
7677
7457
9246
1969
7507
1256
2929
8630
2708
85
5683
2839
9980
7690
2965
966
7198
6582
9911
4741
2733
9946
1047
182
6993
1443
6919
8803
3892
6215
9621
9293
5775
5856
8036
4494
213
3596
8117
5027
1773
6024
2303
9796
4122
2339
7890
5465
8224
9088
9394
1880
4566
9748
3373
4234
9166
882
6812
6743
3600
9154
7346
7955
4142
6257
6076
6396
9028
2541
9067
214
8197
4904
3704
7606
5861
4948
2888
2006
4065
9050
8129
6777
1814
6763
5554
4372
6089
9601
5774
7147
8658
7460
1061
3330
5333
7423
1107
8945
5305
165
502
390
2903
2128
8765
6032
4128
4627
1478
7987
6029
3960
1065
2165
7222
8989
1165
3048
4677
5743
6300
4454
8573
2307
8087
3975
8053
2632
2420
583
8888
7220
174
773
7635
2139
3255
9329
4654
4633
7968
7626
7666
825
8150
947
7740
7913
4534
3255
3904
311
6611
1451
6049
4743
174
4872
4106
6456
8126
4375
8714
8981
9335
985
8659
3024
6331
1870
2182
9939
7407
6583
8738
5878
309
7201
1821
3953
2624
7478
5346
1584
2948
9762
8471
3059
988
7902
3836
9398
2612
169
1182
3825
545
9932
1943
3075
4642
8917
7069
7003
1598
6220
587
6842
5880
4982
8809
9887
2389
9483
8157
3826
6594
8830
9480
1063
6359
2781
6397
9767
3295
2762
7197
1763
3681
3744
7843
8824
1699
2950
843
9199
7017
2752
1069
1973
9273
574
1468
9914
2026
6112
967
4807
1520
2567
3503
7116
1239
4776
8250
9294
1310
9474
4576
2614
1980
8900
2243
733
6087
7022
205
9916
5382
6030
8711
141
262
9351
840
5945
2120
7841
7575
446
9064
6483
1213
2454
1200
2307
9935
1580
6880
3227
2555
9651
7323
1395
1022
6115
4279
8973
3201
3854
1045
7541
1382
1966
3831
4519
9970
4838
9589
9190
7185
8515
4449
1585
4694
3243
1147
604
9042
2371
9667
7083
7593
575
7996
7764
3111
8251
4290
2606
9995
8586
4388
7167
747
6626
7239
4482
4765
5886
3628
5075
413
519
8084
203
1808
1276
8469
7169
6467
8537
7352
1559
6284
6940
6063
2245
2242
6733
9630
8663
5328
8001
3220
4313
1768
1608
4271
1133
5144
3117
8994
510
9321
5058
1430
6788
2442
8013
6521
3900
9262
66
8022
2174
7771
1076
3662
853
4927
733
9061
6482
5964
6116
7998
3871
973
4067
6576
8271
5216
5572
2179
2623
4538
1633
9771
3849
5595
564
5313
2164
6138
7909
2654
4225
5682
9170
1567
5984
9182
4694
4435
1575
4723
81
1750
444
6759
1955
2625
4770
3315
1595
6802
5153
3458
5250
1678
5340
5674
102
7021
8857
2671
3504
6326
6437
8374
9378
8449
3830
5009
2785
8047
6477
5782
7842
5404
2242
823
6137
1049
4545
2137
7604
6679
7182
9847
5244
6890
5885
2164
4699
7824
3414
8210
7919
2062
3584